$ANSIBLE_VAULT;1.1;AES256
33366466643838616661373235366235663064336665633238393133613937393439343632343039
3965653761636130643364663833633337386531346464300a323965613166343134326331633833
31643763613063313961653639643962373464646135643637663532653433356364663436633062
3838356265346564330a663530353535623532346534663930636338643133346132326435313037
64646365363365383663316263343064313434663930353133386462333333636438346664333462
64303830643062353637383932636330626436393564373666303030393639633631316238343663
38373138396139616366343039393562346438353938313361356332323535313130356566316335
66373636323566666263386362303330346262353334366536616664643030636431363730643732
37636666323266366464333335366562646438613136393039383631396263323632346663653130
66626131626438316438336631333434363036666563376236616361653134633961666162633632
31383363316562636133616336646365633130616262373534666335303638643330656335623666
37636466383865623432396365616365643530626130616630633733313730323361376165373364
33393666646566323865316437393334346233613363656432656138643239303639393734626335
38663039643735633963623762326430363261373731336262346435613737313733396135376131
31303533613736613666376436663735623436376231396366343536623431623961653964623166
64363066626362336239613434613862393233653833653466366432383266393130626364393135
62383938336333366235616332626136336134616466633031363036326563303331346461306234
65316161303535643963636238326235633335626663336432383361303263316635326634366439
32333034386535613963643232326434346663316666626432323338616361623564396362363133
37656131613239656165613536363736353663623237336532393639656137306430356133393131
35323862303734383038626436383236303764353566313132613862306330666631646639336237
34656330386337346531323161373265323039633732353930336337343739346134666235626632
66643239376561636131326238613562313134326663663635633961366364316163633833323564
31656535366132646561303164623634616337613638636332353630383237396138393232633938
3865
